0.135934498393908
0.593341943575069
0.902665197616443
0.608820149675012
0.0349074348341674
0.50537712033838
0.5638051351998
0.826669647358358
0.942901601083577
0.38831250811927
0.413334314478561
0.116675985744223
0.0671150300186127
0.943248747149482
0.651534302858636
0.114439554512501
0.122575707035139
0.224652954144403
0.152715774253011
0.321009826846421
0.969204836059362
0.357343493727967
0.48709267587401
0.943619000725448
0.390272673452273
0.549080108292401
0.289412280544639
0.255812877090648
0.205620272550732
0.295779831008986
0.908277958398685
0.220958293415606
0.640348956920207
0.445345917250961
0.452272694790736
0.2475728134159
0.660653642145917
0.72355079324916
0.808166652452201
0.873789737001061
0.74861539225094
0.670215390156955
0.817594811785966
0.397359622642398
0.81448070332408
0.00706110801547766
0.876850486034527
0.854671853594482
0.2780377632007
0.85779254604131
0.584904476068914
0.319507951382548
0.781858242349699
0.92614554730244
0.585426274687052
0.491081980755553
0.800798520678654
0.282501817448065
0.754462593002245
0.942214815644547
0.313058213097975
0.231610445305705
0.593939198181033
0.588528538588434
0.145672987215221
0.472707663662732
0.221451468067244
0.930497913155705
0.391319476533681
0.31706659309566
0.374776520999148
0.713061394169927
0.68466150155291
0.652406395180151
0.738961013732478
0.103502791142091
0.622899128356948
0.929014658555388
0.237926029600203
0.203374152304605
0.628376808017492
0.224602600326762
0.657767797354609
0.354863838059828
0.412482855608687
0.809116181451827
0.568735706852749
0.738081625197083
0.934385694330558
0.201140127144754
0.172144334530458
0.204559582984075
0.498973755631596
0.562948531936854
0.0233545308001339
0.760222210315987
0.728526927065104
0.205980612896383
0.636109233135357
0.448096065316349
0.840142754837871
0.934452564688399
0.202315845061094
0.807454107329249
0.857932423241436
0.650072841672227
0.453297651140019
0.368653301149607
0.942488214466721
0.0131098260171711
0.803131825756282
0.692367328098044
0.173812727676705
0.553409385029227
0.831621509511024
0.856565280118957
0.741752439644188
0.112666459754109
0.661751131061465
0.688032635953277
0.99025407875888
0.58307942119427
0.893692071083933
0.548204560764134
0.916140544693917
0.830558488843963
0.487655120901763
0.723625909769908
0.925556845264509
0.0155347210820764
0.326329065253958
0.5496130886022
0.284229922806844
0.22355447197333
0.195683613652363
0.3384053776972
0.966170849977061
0.898459835909307
0.0355598588939756
0.829333119560033
0.83963906369172
0.839534017257392
0.645536860683933
0.283942256355658
0.992576366988942
0.930093231378123
0.415582059649751
0.895292103756219
0.115128458943218
0.982687210198492
0.334317273460329
0.398976616794243
0.1322377033066
0.845615098020062
0.0416562366299331
0.370560257695615
0.91677479702048
0.107705756556243
0.605458172503859
0.763972545741126
0.151420599082485
0.203893901314586
0.475135986227542
0.666750570526347
0.749534506350756
0.383407104993239
0.524758473969996
0.255649181781337
0.9308755423408
0.506369167705998
0.41636418714188
0.299625080777332
0.292232549749315
0.14382761111483
0.499630167381838
0.510261948686093
0.970788853941485
0.3934258709196
0.0357892273459584
0.260853936430067
0.561654412653297
0.78270980832167
0.497535703005269
0.916680692462251
0.0738109317608178
0.262743950122967
0.647550568915904
0.926322243409231
0.49393563484773
0.57622823282145
0.485548127675429
0.253321407595649
0.176817597588524
0.312330126296729
0.827089918777347
0.931605044519529
0.609160407446325
0.124351662350819
0.750811568461359
0.0308906410355121
0.166142620379105
0.639303710311651
0.30380009720102
0.515869419788942
0.210674369940534
0.606885156594217
0.290496913716197
0.381550220306963
0.875334450276569
0.427133994409814
0.363169254502282
0.847261406946927
0.458236818900332
0.695009954972193
0.129480229923502
0.00605400023050606
0.173206873238087
0.897157748462632
0.0197055414319038
0.866711660753936
0.354599333368242
0.652149465400726
0.597916792845353
0.921813853085041
0.0605006846599281
0.9910502738785
0.204108604462817
0.640864634886384
0.198948625242338
0.583650292363018
0.84048291365616
0.176918760174885
0.541196914389729
0.000770804239436984
0.292591577861458
0.47492890083231
0.977357135619968
0.146082943538204
0.561591737205163
0.06690429081209
0.345269019016996
0.244839385151863
0.39894483378157
0.0668929230887443
0.546646362170577
0.0385808676946908
0.213410994270816
0.867680724710226
0.064350928645581
0.090629221405834
0.618078801548108
0.242030640132725
0.864687135210261
0.346143433824182
0.238969962811098
0.689386460231617
0.112240607384592
0.0857665047515184
0.723963749827817
0.704492992255837
0.375986004946753
0.976550259161741
0.234329952159896
0.196726421359926
0.682720632525161
0.557008937234059
0.832139152800664
0.961018599104136
0.0458486841525882
0.149938678834587
0.795133887557313
0.0391223828773946
0.620312698418275
0.947902022628114
0.296043352456763
0.418291434645653
0.347296198597178
0.656635999679565
0.731439807917923
0.242657105904073
0.937610551249236
0.764446662738919
0.257492629811168
0.298844171920791
0.925992521457374
0.452973156934604
0.667631790740415
0.399602103279904
0.180600022431463
0.373615314019844
0.685172727331519
0.230279963929206
0.457532193744555
0.0665825183968991
0.383955271914601
0.892413297668099
0.815843140473589
0.426993374479935
0.07502475916408
0.787001359043643
0.562798191793263
0.0904172700829804
0.708138715475798
0.630333341658115
0.698105452815071
0.32594035868533
0.267300676554441
0.776670535560697
0.896712186513469
0.582362649496645
0.797706174431369
0.514695418998599
0.452014569193125
0.603872801410034
0.742658679140732
0.384145372547209
0.3276770808734
0.264193445676938
0.0548243925441056
0.306344388984144
0.857823010766879
0.330445867497474
0.194809724343941
0.414817720418796
0.912522791419178
0.968651793664321
0.220023790374398
0.194527703104541
0.00998709793202579
0.212125942809507
0.727094600675628
0.275001420639455
0.974868425633758
0.387631038669497
0.523702550912276
0.876869013998657
0.673877019667998
0.899617118295282
0.802956104744226
0.557348434347659
0.898395964642987
0.510847554542124
0.263882290339097
0.0325601482763886
0.716258408036083
0.27667569834739
0.693154993699864
0.997027627658099
0.167990754824132
0.49388271686621
0.248366255778819
0.306547850370407
0.913875869242474
0.553132629487664
0.803357302909717
0.0597014219965786
0.757285166298971
0.684090995229781
0.880258427001536
0.352279282175004
0.219504380831495
0.5702325173188
0.447502269176766
0.360316936392337
0.287175177363679
0.679756427882239
0.536172215128317
0.725665535544977
0.374616610119119
0.569402573630214
0.641914224019274
0.532791499048471
0.171920079970732
0.67117899376899
0.699268980417401
0.295660556294024
0.0142916687764227
0.943394829053432
0.427754963282496
0.298613913124427
0.922011915128678
0.917743362253532
0.997220661956817
0.906966908369213
0.299063838087022
0.186022807843983
0.304604195989668
0.991805365774781
0.0129390798974782
0.452378128655255
0.578364108456299
0.418929047882557
0.307329745031893
0.536558811087161
0.994413766311482
0.662811957998201
0.719545456347987
0.690188477979973
0.752530499827117
0.736640542047098
0.619326520711184
0.148973164148629
0.669586528092623
0.99662036029622
0.965620242059231
0.225755197694525
0.494494177633896
0.649512784788385
0.987334227655083
0.464692588197067
0.154897840227932
0.0925310717429966
0.862779455026612
0.701747640268877
0.662780174752697
0.872363191796467
0.66861472488381
0.514026273507625
0.750542263966054
0.604862057836726
0.568808910436928
0.76417566020973
0.00568930059671402
0.266131261363626
0.444496068637818
0.987585594411939
0.217892445158213
0.468232847750187
0.436298153130338
0.684838004410267
0.108816226013005
0.0076398653909564
0.360192531254143
0.0131333016324788
0.625606622546911
0.483234248589724
0.0970578782726079
0.460457257693633
0.679489390458912
0.788529980927706
0.179665303556249
0.861304311081767
0.781839628471062
0.686076954705641
0.404133840696886
0.984437282895669
0.884689052589238
0.120044863782823
0.305117431329563
0.518879165640101
0.10672490647994
0.434225423028693
0.153801896609366
0.0257563882041723
0.0291095357388258
0.0139442544896156
0.865450393641368
0.947284677764401
0.20935914455913
0.129541583126411
0.973107988713309
0.0311178516130894
0.090229254681617
0.223703855648637
0.462480148300529
0.928545734379441
0.651075816247612
0.173867981182411
0.510850314050913
0.459062864072621
0.374842711025849
0.885202259989455
0.182234800653532
0.729133163345978
0.647433523554355
0.812795677920803
0.952828935580328
0.656588438898325
0.583014655392617
0.198475740617141
0.0828844995703548
0.294526974670589
0.0192411318421364
0.244583301246166
0.536228793207556
0.853554477915168
0.0399674442596734
0.507265420863405
0.951364513020962
0.620101212523878
0.69004535721615
0.0273128165863454
0.125636012293398
0.117354937596247
0.742195941507816
0.30490794358775
0.760337974177673
0.769218702800572
0.766763156047091
0.327040018746629
0.361656188033521
0.689679625444114
0.428704565390944
0.803918673889711
0.54767825640738
0.980718186823651
0.691762438276783
0.668493758188561
0.0805459413677454
0.552341610658914
0.662893145345151
0.836288757156581
0.679368276847526
0.704304584534839
0.201897530816495
0.911026396788657
0.552679693093523
0.61903997301124
0.732579122064635
0.514037276618183
0.18256273958832
0.059765764279291
0.813499851152301
0.949287194292992
0.598381577525288
0.0757303016725928
0.151037174044177
0.296774993650615
0.327498662052676
0.167156996903941
0.718209498329088
0.255531010916457
0.548116802470759
0.151992204133421
0.728167870547622
0.129540765890852
0.0771380721125752
0.0357370891142637
0.811249580001459
0.0857265871018171
0.805675186915323
0.298381120664999
0.660965382354334
0.898431724403054
0.533807668369263
0.924849805887789
0.66939778579399
0.242130351020023
0.72318405425176
0.279231758555397
0.00230074860155582
0.956948889186606
0.577441610395908
0.424059935612604
0.405264837434515
0.329130960162729
0.0165122279431671
0.214025877881795
0.977684275945649
0.514656562590972
0.627226857468486
0.450844594044611
0.367146694101393
0.859008245170116
0.63733517145738
0.452131424332038
0.365185724105686
0.568144141230732
0.45792857510969
0.539223936386406
0.233608174137771
0.22628889977932
0.158803020603955
0.308746102498844
0.298022937495261
0.119763504946604
0.299505123635754
0.557589397067204
0.0228044886607677
0.291338323848322
0.264037611428648
0.650988551788032
0.993065962567925
0.0143531945068389
0.287888766499236
0.0800931847188622
0.683102047303692
0.675066319294274
0.555038911290467
0.465992448618636
0.012915073428303
0.844887952785939
0.346043210942298
0.720620856853202
0.279914354439825
0.0949293386656791
0.1365037036594
0.522673362167552
0.076808572281152
0.416974027175456
0.621932837879285
0.917892935452983
0.750582855660468
0.412038187729195
0.941241503227502
0.126371418591589
0.3330821194686
0.821743202628568
0.957829101243988
0.465005016885698
0.991362540749833
0.820510637713596
0.548604859272018
0.703306664479896
0.537670631427318
0.965258343610913
0.601860877126455
0.871534131467342
0.630951620638371
0.719399221707135
0.728794533060864
0.936360712861642
0.85263786627911
0.375037098070607
0.302939038258046
0.62876534415409
0.596386379562318
0.204646453028545
0.687829588074237
0.338990971213207
0.632411261321977
0.228688286617398
0.222333427984267
0.600274105556309
0.532029953785241
0.79593836190179
0.314769934630021
0.808589986758307
0.105040858034045
0.610421196324751
0.184010727796704
0.339526718715206
0.0468842666596174
0.0634399871341884
0.566751742968336
0.525335677433759
0.367843362735584
0.175918702967465
0.403846993111074
0.607288555940613
0.120531457243487
0.735438116826117
0.941279779886827
0.501664106268436
0.764498064760119
0.485030495095998
0.402533765183762
0.288979318924248
0.997750337701291
0.0660684909671545
0.596732276724651
0.354177696863189
0.294773819856346
0.1499024159275
0.0362994300667197
0.409516114275903
0.763014575699344
0.0495659410953522
0.347163512837142
0.034345384221524
0.340000545140356
0.0807617083191872
0.195339247118682
0.212119771400467
0.757609934080392
0.876965813338757
0.278465042123571
0.897974780062214
0.957501305034384
0.328111383132637
0.804660209687427
0.49643289973028
0.540875831386074
0.601381840649992
0.529078559717163
0.833090675063431
0.536972815170884
0.637817189563066
0.559634500183165
0.0851207131054252
0.74699832778424
0.0439750787336379
0.966116566909477
0.116299563320354
0.895462518325076
0.570325313601643
0.296521657845005
0.800481874030083
0.442094948375598
0.455885196803138
0.930991147411987
0.196179067017511
0.980913321487606
0.518604663433507
0.846163242822513
0.957916863262653
0.643006351077929
0.30394795932807
0.213479967787862
0.277179209981114
0.602252051001415
0.0124808992259204
0.261654588859528
0.363007581559941
0.384602416073903
0.692742992658168
0.0942957322113216
0.458513350225985
0.643373182509094
0.351756338495761
0.464945234358311
0.857885306002572
0.697759683709592
0.569262352772057
0.986939812079072
0.896669627865776
0.6284991921857
0.298103776527569
0.943554383935407
0.553033520933241
0.780364780453965
0.962767615215853
0.545244807610288
0.0382680359762162
0.167987590888515
0.357023987686262
0.777553722495213
0.481417898787186
0.718856077175587
0.527218988863751
0.0399838048033416
0.478918224573135
0.151754307327792
0.0849711003247648
0.239896640181541
0.317616060143337
0.469302915036678
0.941178001696244
0.0471151312813163
0.832322767237201
0.92771479091607
0.888168705161661
0.291649701539427
0.368285034550354
0.281521961092949
0.411137391114607
0.633928928524256
0.848455649567768
0.0913976540323347
0.676746266195551
0.122692569391802
0.999933324521407
0.889167156768963
0.430452917469665
0.555315661244094
0.655075394781306
0.73668260849081
0.564350702567026
0.607345762196928
0.864768136292696
0.758155183633789
0.867631617002189
0.331115575041622
0.903026526561007
0.939204015536234
0.189216999337077
0.903551824158058
0.509498617844656
0.57406783499755
0.952650688355789
0.090692529687658
0.354861079948023
0.12599490233697
0.2102302222047
0.43198878900148
0.32375199184753
0.0623278545681387
0.0400558765977621
0.294318544212729
0.522548529086635
0.596460766624659
0.67191993072629
0.0371482856571674
0.165438735624775
0.298166452907026
0.823061446193606
0.084898455068469
0.625649578403682
0.737784515833482
0.0879759585950524
0.48951072525233
0.832857134984806
0.937659347895533
0.755203430308029
0.698614111170173
0.551731837680563
0.61912078759633
0.651078291470185
0.481403919635341
0.0520256536547095
0.510532626882195
0.80627649044618
0.543697206303477
0.74274206510745
0.175636848900467
0.618465799372643
0.680738641880453
0.306163449538872
0.173343832604587
0.720043488312513
0.939068773761392
0.128957799868658
0.448975141393021
0.886716178851202
0.687052781227976
0.349679430248216
0.827495283680037
0.754875690676272
0.131268836325034
0.693232273682952
0.30717218411155
0.694450728129596
0.711264342768118
0.115622194483876
0.0694677748251706
0.199594888836145
0.802360438276082
0.878365976503119
0.405211943434551
0.874508293345571
0.97273446759209
0.251659473404288
0.678379026474431
0.265157422516495
0.258207861101255
0.698382872855291
0.578404471976683
0.418855312978849
0.271750470623374
0.835800161585212
0.101559068309143
0.528676406014711
0.237379959784448
0.687991033075377
0.0868317112326622
0.518192151561379
0.434021887602285
0.564027645625174
0.282380233053118
0.393228919943795
0.614187080413103
0.0461285419296473
0.716301698004827
0.949756322894245
0.867084423312917
0.651279489276931
0.153123780852184
0.675214363262057
0.137394894380122
0.663908346788958
0.0555717579554766
0.711858100024983
0.168083315948024
0.776334458962083
0.56170042976737
0.675611263373867
0.50125520140864
0.204937164206058
0.522432346595451
0.816912336274981
0.00246215076185763
0.0126763712614775
0.703689777990803
0.805910484632477
0.986849906854331
0.92936925124377
0.702923431992531
0.762193657457829
0.021704540355131
0.536082184175029
0.883390629664063
0.46690005203709
0.46174999861978
0.940155963180587
0.825495879398659
0.160121351247653
0.971314884256572
0.537499079713598
0.559403688646853
0.74006096017547
0.234631250845268
0.19481250573881
0.805264688329771
0.420654032146558
0.595729921711609
0.391252903966233
0.943871995201334
0.113916529109702
0.00422756280750036
0.313083428656682
0.513753874460235
0.272711210651323
0.799859004095197
0.72382784774527
0.901691146427765
0.523349677911028
0.74996893806383
0.269043696811423
0.598939864430577
0.588331948965788
0.554444270208478
0.956351503962651
0.00640652142465115
0.329943859949708
0.231243227608502
0.0973394031170756
0.149860049132258
0.814630958717316
0.225171072874218
0.598693068604916
0.732095326762646
0.565933634527028
0.659986066166312
0.6655926508829
0.560883664293215
0.374390358338133
0.773750314023346
0.522055929293856
0.373508061515167
0.296247820369899
0.990922912722453
0.121372625464574
0.043225210160017
0.039697473635897
0.055085901170969
0.741740576224402
0.185059066861868
0.982245829422027
0.802379859611392
0.191968400264159
0.486253058537841
0.594772985670716
0.619454944739118
0.567084243288264
0.335220307344571
0.0673301946371794
0.260728399967775
0.209992054849863
0.347225724253803
0.712079369928688
0.835510895121843
0.669864294584841
0.353618676541373
0.214558934094384
0.343629946932197
0.815478680888191
0.33122284989804
0.748479138594121
0.0347956111654639
0.292303688824177
0.430665383348241
0.0333569531794637
0.181853294372559
0.291794649790972
0.616011172067374
0.895224595209584
0.76332469121553
0.139521678676829
0.237400452140719
0.220384532120079
0.710157433291897
0.581692917039618
0.471440964844078
0.669352450873703
0.567035333486274
0.975525309564546
0.555034983204678
0.620188570348546
0.608087017666548
0.834859078051522
0.514035937609151
0.646183491917327
0.579764669528231
0.225907366257161
0.0326517780777067
0.737609924981371
0.801060783676803
0.305846805917099
0.109000177588314
0.265710292151198
